drone0:
  position: [0.156, 0.251, 1.045]
  velocity: [0.0, 0.0, 0.0]
  orientation: [0.0170268, 0.999785, -0.0118593,
  		 0.999752, -0.0171945, -0.014182,
  		 -0.0143829, -0.0116148, -0.999829]
  angular_velocity: [0.0, 0.0, 0.0]

drone1:
  position_init: [0.778, 3.740, 0.146]
  orientation_init: [0.999785, 0.0118593, -0.0170268,
  		      -0.0171945, 0.014182, -0.999752,
  		      -0.0116148, 0.999829, 0.0143829]
  position: [0.205, 0.766, -0.367]
  velocity: [0.0, 0.0, 0.0]
  orientation: [0.0123421, -0.999676, -0.0222734,
  		 0.00376241, 0.0223214, -0.999744,
  		 0.999917, 0.0122551, 0.00403668]
  angular_velocity: [0.0, 0.0, 0.0]

drone2:
  position_init: [-0.722, 2.5, 0.0]
  orientation_init: [1.0, 0.0, 0.0,
  		      0.0, 0.0, -1.0,
  		      0.0, 1.0, 0.0]
  position: [0.0, 1.0, 0.0]
  velocity: [0.0, 0.0, 0.0]
  orientation: [0.996191, 0.0860254, 0.0142586,
  		 0.0156935, -0.0160269, -0.999748,
  		 -0.0857752, 0.996164, -0.0173159]
  angular_velocity: [0.0, 0.0, 0.0]

human:
  STAND_STILL:
    position_init: [-0.06, 0.72, 1.20]
    orientation_init: [-0.999752, -0.0171945, 0.014182,
    			 -0.0170268, 0.999785, 0.0118593,
    			 -0.0143829, 0.0116148, -0.999829]
    position: [0.0, 0.0, 0.0]
    velocity: [0.0, 0.0, 0.0]
    orientation: [1.0, 0.0, 0.0, 0.0]
    angular_velocity: [0.0, 0.0, 0.0]
  GO_STRAIGHT:
    position_init: [-0.06, 0.72, 1.20]
    orientation_init: [-0.999752, -0.0171945, 0.014182,
    			 -0.0170268, 0.999785, 0.0118593,
    			 -0.0143829, 0.0116148, -0.999829]
    position: [0.0, 0.0, 0.0]
    velocity: [0.11, 0.0, 0.08]
    orientation: [1.0, 0.0, 0.0, 0.0]
    angular_velocity: [0.0, 0.0, 0.0]
  CONST_VEL_WALKING:
    position_init: [-0.06, 0.72, 1.20]
    orientation_init: [-0.999752, -0.0171945, 0.014182,
    			 -0.0170268, 0.999785, 0.0118593,
    			 -0.0143829, 0.0116148, -0.999829]
    position: [0.0, 0.0, 0.0]
    velocity: [0.11, 0.0, 0.08]
    orientation: [1.0, 0.0, 0.0, 0.0]
    angular_velocity: [0.0, 0.0, 0.0]
